1 164 18 196 81
2 283 77 297 84
2 274 84 296 96
2 279 96 292 103
3 297 77 318 136
3 292 96 297 123
3 318 65 343 98
3 325 98 332 103
3 318 98 325 149
3 304 136 318 144
3 325 113 329 120
3 325 120 337 129
3 325 139 331 153
3 331 147 337 153
4 343 65 365 81
4 358 59 365 65
4 358 81 365 87
4 365 55 373 79
4 365 79 384 98
4 373 47 391 79
4 391 45 402 69
4 402 30 415 50
4 402 50 409 64
4 418 17 429 24
4 415 24 443 42
4 415 42 427 49
5 343 81 358 145
5 358 87 364 134
5 364 98 372 125
5 332 98 343 103
5 325 103 343 113
5 329 113 343 120
5 337 120 343 129
5 325 129 331 139
5 331 129 338 146
5 338 129 343 153
5 336 153 343 160
5 343 145 354 160
5 341 160 351 188
5 343 188 351 192
5 343 192 351 202
5 351 175 359 181
5 351 181 357 203
5 357 188 361 200
6 259 113 267 144
6 267 121 273 149
6 273 128 279 154
6 279 133 291 176
6 291 148 297 176
6 297 154 304 157
6 297 157 306 182
6 273 159 279 174
7 267 89 273 121
7 273 99 279 128
7 279 103 292 133
7 292 123 297 133
7 291 133 297 148
7 297 136 304 154
7 304 144 318 157
7 318 419 325 157
7 325 153 336 157
7 306 157 336 194
7 299 182 306 190
7 336 160 341 188
7 310 194 337 206
7 307 206 314 217
7 314 206 337 214
7 318 214 335 221
7 315 217 318 227
7 318 221 329 227
7 315 227 325 231
8 366 139 374 145
8 354 145 385 160
8 351 160 387 175
8 359 175 375 181
8 357 181 375 188
8 361 188 375 200
8 357 200 375 203
8 349 203 375 208
8 375 175 380 209
8 380 175 387 229
8 387 170 393 229
8 393 175 402 190
8 393 190 398 233
8 398 213 415 228
8 398 228 405 234
9 245 140 259 144
9 240 144 267 149
9 235 149 273 154
9 230 154 279 159
9 230 159 273 168
9 237 168 273 174
9 237 174 279 194
9 279 176 297 189
9 271 194 278 199
9 261 194 271 203
9 257 194 261 210
9 237 194 257 221
9 230 185 237 221
9 226 198 230 214
