1 2 7 6 9 10 12
2 1 3 7
3 2 5 7
4 3 5
5 4 3 7 8 11
6 7 9 10 1
7 2 3 5 11 10 9 6 1
8 5 11 15
9 6 7 10 1
10 1 12 9 7 13 14 15 11 20
11 7 5 8 10 15
12 1 10 13 17
13 12 10 14 19 18 17
14 13 10 20 19 15
15 10 11 8 16 21 20 14 25
16 15 21 26
17 12 13 18 19 23
18 17 13 19
19 17 18 13 14 20 24 23
20 24 19 14 15 25 21 10
21 20 15 16 26 25
22 23 27
23 17 19 24 27 22
24 23 19 20 25 28
25 28 29 24 20 15 21 26
26 16 21 25 29 30
27 22 23 28 32
28 27 23 24 25 29 31 32
29 28 25 26 30 31
30 31 29 26
31 32 28 29 30
32 27 28 31